('n = ', 882564595536224140639625987659416029426239230804614613279163L)
('e = ', 65537)
[+] Encrypting Flag
180933940166343471674607668830930737344991347306925172426174
111279100765413368644768000425512857367920380092432724092790
874997430891372481844518555228854521891874648602902630464108
559950420791590025797297003611359428379263334723202132115689
84674119915309133723162820176003624180129067133327672418856
180933940166343471674607668830930737344991347306925172426174
262764294863813627121994109060293966599860377517535583310406
454496798671328720963314919858302711945268511560260265320339
466898190595192469125248961099840381057088016740636495955961
220039487891436733215566731307222861368796257256130819854073
180933940166343471674607668830930737344991347306925172426174
437663743286827867477278197406145182506864536523490653848280
437663743286827867477278197406145182506864536523490653848280
559950420791590025797297003611359428379263334723202132115689
24679800754768627767329195382562159333842542312991591190526
111279100765413368644768000425512857367920380092432724092790
605211513888374381572291948405129696303507278768182497161373
125814175175122935212055173307984154340562044911506945321799
765952658558151413899158662683347027693656404492256964213794
22164372791343296846830864859350025241396285671748670267136
605211513888374381572291948405129696303507278768182497161373
559950420791590025797297003611359428379263334723202132115689
616889733029724519300857254224791718262347281675004701158900
24679800754768627767329195382562159333842542312991591190526
565517984543883863751797655940436905662445562018549971661443
605211513888374381572291948405129696303507278768182497161373
565517984543883863751797655940436905662445562018549971661443
84674119915309133723162820176003624180129067133327672418856
180933940166343471674607668830930737344991347306925172426174
565517984543883863751797655940436905662445562018549971661443
605211513888374381572291948405129696303507278768182497161373
84674119915309133723162820176003624180129067133327672418856
180933940166343471674607668830930737344991347306925172426174
874997430891372481844518555228854521891874648602902630464108
572379666462953484465163001699930179427948864387906443590948
605211513888374381572291948405129696303507278768182497161373
634748570614028276501554872489202268121387519723117157771910
493998592568521285274651637687984197112350802367280311015543
180933940166343471674607668830930737344991347306925172426174
171728243914342516915115381809351822101310163679755155064544
634748570614028276501554872489202268121387519723117157771910
345216993987850487023671004203129652950786236481972679645393
262764294863813627121994109060293966599860377517535583310406
192598418467279208343364675266136984968028418372929623891417
195043847671077540330878664066165826973304941613248121514359
